[gd_scene load_steps=6 format=2]

[ext_resource path="res://objects/ui/GUI.tscn" type="PackedScene" id=1]
[ext_resource path="res://objects/game/GameController.tscn" type="PackedScene" id=2]
[ext_resource path="res://objects/player/Player.tscn" type="PackedScene" id=3]
[ext_resource path="res://objects/game/Camera.tscn" type="PackedScene" id=4]
[ext_resource path="res://maps/level1.tscn" type="PackedScene" id=5]

[node name="MainGame" type="Node" index="0"]

editor/display_folded = true

[node name="GUI" parent="." index="0" instance=ExtResource( 1 )]

[node name="GameController" parent="." index="1" instance=ExtResource( 2 )]

[node name="Player" parent="." index="2" instance=ExtResource( 3 )]

transform = Transform( -0.985997, 0, -0.166765, 0, 1, 0, 0.166765, 0, -0.985997, -2.04779, 0, 30.0513 )

[node name="Camera" parent="." index="3" instance=ExtResource( 4 )]

transform = Transform( -2.8213e-007, 0.642788, -0.766044, 0, 0.766044, 0.642788, 1, 1.8135e-007, -2.16124e-007, -10.0478, 6.41807, 30.0513 )
size = 12.0
near = -100.0

[node name="Map" parent="." index="4" instance=ExtResource( 5 )]

transform = Transform( 0.707107, 0, 0.707107, 0, 1, 0, -0.707107, 0, 0.707107, 0, 0, 0 )
_sections_unfolded = [ "Transform" ]


